30.4
4.7
26.1
20.2
21.5
23.8
7.8
8.2
26.1
40.5
5.4
45.0
35.5
10.5
5.6
33.7
21.7
5.1
29.8
49.6
26.9
25.3
45.1
43.5
28.9
28.7
36.0
13.1
28.0
48.5
4.4
8.5
38.4
15.8
28.7
9.9
39.6
21.8
18.1
0.9
47.5
23.5
45.9
33.0
19.3
1.5
16.7
26.2
6.7
31.8
25.8
18.8
42.3
20.9
47.5
21.2
49.6
18.7
19.6
12.9
17.2
24.0
21.4
40.9
25.0
35.3
0.8
14.6
7.1
4.2
0.7
39.9
12.9
46.6
22.9
32.2
33.4
24.9
43.6
25.3
6.7
19.5
29.3
34.2
25.6
26.8
40.6
10.5
45.5
10.2
23.4
47.9
34.3
30.0
38.8
44.5
15.3
24.9
44.4
7.7
29.1
45.1
32.8
42.0
27.0
5.7
9.5
10.4
30.6
3.1
35.7
22.5
7.8
0.2
41.9
33.5
27.0
32.6
44.0
7.7
42.8
2.6
40.8
12.3
32.6
14.9
6.9
33.1
39.8
36.5
26.0
4.1
31.6
44.0
31.3
8.6
49.8
40.8
4.2
15.6
29.2
25.1
23.4
37.0
25.3
15.3
20.5
37.5
47.9
49.7
30.4
26.0
2.3
21.3
38.3
20.1
21.4
30.4
38.5
11.2
16.9
49.7
0.5
33.8
43.8
31.8
42.4
28.8
22.7
31.9
44.4
1.9
7.0
17.8
38.9
17.6
18.4
44.7
5.1
16.3
44.4
35.6
42.3
32.0
42.1
15.9
37.3
13.5
46.3
11.0
9.9
48.5
10.8
10.4
32.3
39.8
42.2
9.9
18.6
14.9
41.8
48.2
2.0
34.1
1.3
26.2
1.7
19.7
20.9
6.8
21.2
0.5
27.6
48.8
32.5
19.7
14.7
5.1
33.2
46.2
16.1
43.1
29.9
12.1
38.7
12.2
37.1
31.0
7.4
5.7
31.1
49.2
39.2
33.2
18.5
40.5
9.4
20.2
45.4
30.3
12.3
16.6
16.0
39.9
0.6
33.8
44.9
0.5
38.9
28.1
32.0
40.2
6.5
11.9
37.6
30.4
9.4
24.7
11.4
16.8
15.7
42.6
1.2
4.9
25.8
19.8
30.6
20.4
25.2
11.2
35.9
37.5
27.8
1.9
27.5
13.7
35.7
22.4
14.2
24.6
35.7
46.2
0.1
27.4
43.4
37.7
7.9
2.8
12.4
4.5
4.8
13.3
47.1
41.2
18.2
8.1
46.2
34.0
13.7
21.5
45.2
49.6
44.2
8.3
1.6
21.7
22.0
22.5
29.3
21.4
32.4
0.3
2.9
32.5
12.9
46.3
20.2
6.0
34.3
17.8
10.6
24.3
31.2
42.9
15.5
34.6
36.3
47.0
3.9
0.0
18.5
49.1
34.9
12.7
42.6
36.5
19.7
49.8
9.0
34.2
6.5
41.4
19.7
9.4
9.1
32.7
5.7
29.3
23.9
40.0
32.4
19.7
14.3
48.8
12.7
15.0
33.4
34.2
12.0
37.3
19.4
15.7
21.7
4.3
13.7
49.5
26.0
18.6
49.4
35.1
38.0
5.9
11.7
7.8
0.5
6.1
25.7
6.2
20.6
49.6
